ID:	visit	time	Cond	Block	AvgRxnT	Accuracy
A01	1	PRE	TESTR	RandBeg	2040	-4.5
A01	1	PRE	TESTR	Rep1	0	0.0
A01	1	PRE	TESTR	Rep2	0	0.0
A01	1	PRE	TESTR	Rep3	0	0.0
A01	1	PRE	TESTR	Rep4	0	0.0
A01	1	PRE	TESTR	Rep5	0	0.0
A01	1	PRE	TESTR	Rep6	0	0.0
A01	1	PRE	TESTR	Rep7	0	0.0
A01	1	PRE	TESTR	Rep8	0	0.0
A01	1	PRE	TESTR	Rep9	0	0.0
A01	1	PRE	TESTR	Rep10	0	0.0
A01	1	PRE	TESTR	Rep11	0	0.0
A01	1	PRE	TESTR	Rep12	0	0.0
A01	1	PRE	TESTR	Rep13	0	0.0
A01	1	PRE	TESTR	Rep14	0	0.0
A01	1	PRE	TESTR	Rep15	0	0.0
A01	1	PRE	TESTR	RepAvg	0	0.0
A01	1	PRE	TESTR	RandEnd	0	0.0
A01	1	PRE	TESTR	Overall	2040	-4.5
End at 2

trial	RxnTime	Expectd	Actual	Correct?
0	2115	b	[v*, b]	-8
1	1965	m	[v, v, v, m]	-3
2	0	v	[]	0
3	0	n	[]	0
4	0	b	[]	0
5	0	m	[]	0
6	0	v	[]	0
7	0	n	[]	0
8	0	m	[]	0
9	0	v	[]	0
10	0	b	[]	0
11	0	m	[]	0
12	0	n	[]	0
13	0	b	[]	0
14	0	m	[]	0
15	0	n	[]	0
16	0	v	[]	0
17	0	b	[]	0
18	0	m	[]	0
19	0	n	[]	0
20	0	v	[]	0
21	0	b	[]	0
22	0	m	[]	0
23	0	v	[]	0
24	0	n	[]	0
25	0	b	[]	0
26	0	m	[]	0
27	0	n	[]	0
28	0	b	[]	0
29	0	m	[]	0
30	0	v	[]	0
31	0	b	[]	0
32	0	m	[]	0
33	0	n	[]	0
34	0	b	[]	0
35	0	v	[]	0
36	0	n	[]	0
37	0	m	[]	0
38	0	b	[]	0
39	0	n	[]	0
40	0	v	[]	0
41	0	b	[]	0
42	0	m	[]	0
43	0	v	[]	0
44	0	n	[]	0
45	0	b	[]	0
46	0	m	[]	0
47	0	n	[]	0
48	0	b	[]	0
49	0	v	[]	0
50	0	m	[]	0
51	0	b	[]	0
52	0	n	[]	0
53	0	v	[]	0
54	0	m	[]	0
55	0	b	[]	0
56	0	v	[]	0
57	0	b	[]	0
58	0	m	[]	0
59	0	n	[]	0
60	0	b	[]	0
61	0	n	[]	0
62	0	m	[]	0
63	0	b	[]	0
64	0	n	[]	0
65	0	v	[]	0
66	0	m	[]	0
67	0	b	[]	0
68	0	v	[]	0
69	0	b	[]	0
70	0	m	[]	0
71	0	n	[]	0
72	0	b	[]	0
73	0	n	[]	0
74	0	m	[]	0
75	0	b	[]	0
76	0	n	[]	0
77	0	v	[]	0
78	0	m	[]	0
79	0	b	[]	0
80	0	v	[]	0
81	0	b	[]	0
82	0	m	[]	0
83	0	n	[]	0
84	0	b	[]	0
85	0	n	[]	0
86	0	m	[]	0
87	0	b	[]	0
88	0	n	[]	0
89	0	v	[]	0
90	0	m	[]	0
91	0	b	[]	0
92	0	v	[]	0
93	0	b	[]	0
94	0	m	[]	0
95	0	n	[]	0
96	0	b	[]	0
97	0	n	[]	0
98	0	m	[]	0
99	0	b	[]	0
100	0	n	[]	0
101	0	v	[]	0
102	0	m	[]	0
103	0	b	[]	0
104	0	v	[]	0
105	0	b	[]	0
106	0	m	[]	0
107	0	n	[]	0
108	0	b	[]	0
109	0	n	[]	0
110	0	m	[]	0
111	0	b	[]	0
112	0	n	[]	0
113	0	v	[]	0
114	0	m	[]	0
115	0	b	[]	0
116	0	v	[]	0
117	0	b	[]	0
118	0	m	[]	0
119	0	n	[]	0
120	0	b	[]	0
121	0	n	[]	0
122	0	m	[]	0
123	0	b	[]	0
124	0	n	[]	0
125	0	v	[]	0
126	0	m	[]	0
127	0	b	[]	0
128	0	v	[]	0
129	0	b	[]	0
130	0	m	[]	0
131	0	n	[]	0
132	0	b	[]	0
133	0	n	[]	0
134	0	m	[]	0
135	0	b	[]	0
136	0	n	[]	0
137	0	v	[]	0
138	0	m	[]	0
139	0	b	[]	0
140	0	v	[]	0
141	0	b	[]	0
142	0	m	[]	0
143	0	n	[]	0
144	0	b	[]	0
145	0	n	[]	0
146	0	m	[]	0
147	0	b	[]	0
148	0	n	[]	0
149	0	v	[]	0
150	0	m	[]	0
151	0	b	[]	0
152	0	v	[]	0
153	0	b	[]	0
154	0	m	[]	0
155	0	n	[]	0
156	0	b	[]	0
157	0	n	[]	0
158	0	m	[]	0
159	0	b	[]	0
160	0	n	[]	0
161	0	v	[]	0
162	0	m	[]	0
163	0	b	[]	0
164	0	v	[]	0
165	0	b	[]	0
166	0	m	[]	0
167	0	n	[]	0
168	0	b	[]	0
169	0	n	[]	0
170	0	m	[]	0
171	0	b	[]	0
172	0	n	[]	0
173	0	v	[]	0
174	0	m	[]	0
175	0	b	[]	0
176	0	v	[]	0
177	0	b	[]	0
178	0	m	[]	0
179	0	n	[]	0
180	0	b	[]	0
181	0	n	[]	0
182	0	m	[]	0
183	0	b	[]	0
184	0	n	[]	0
185	0	v	[]	0
186	0	m	[]	0
187	0	b	[]	0
188	0	v	[]	0
189	0	b	[]	0
190	0	m	[]	0
191	0	n	[]	0
192	0	b	[]	0
193	0	n	[]	0
194	0	m	[]	0
195	0	b	[]	0
196	0	n	[]	0
197	0	v	[]	0
198	0	m	[]	0
199	0	b	[]	0
200	0	v	[]	0
201	0	b	[]	0
202	0	m	[]	0
203	0	n	[]	0
204	0	b	[]	0
205	0	n	[]	0
206	0	m	[]	0
207	0	b	[]	0
208	0	n	[]	0
209	0	v	[]	0
210	0	m	[]	0
211	0	b	[]	0
212	0	v	[]	0
213	0	b	[]	0
214	0	m	[]	0
215	0	n	[]	0
216	0	b	[]	0
217	0	n	[]	0
218	0	m	[]	0
219	0	b	[]	0
220	0	n	[]	0
221	0	v	[]	0
222	0	m	[]	0
223	0	b	[]	0
224	0	v	[]	0
225	0	b	[]	0
226	0	m	[]	0
227	0	n	[]	0
228	0	b	[]	0
229	0	n	[]	0
230	0	v	[]	0
231	0	b	[]	0
232	0	n	[]	0
233	0	m	[]	0
234	0	v	[]	0
235	0	b	[]	0
236	0	m	[]	0
237	0	n	[]	0
238	0	b	[]	0
239	0	v	[]	0
240	0	m	[]	0
241	0	b	[]	0
242	0	v	[]	0
243	0	n	[]	0
244	0	b	[]	0
245	0	v	[]	0
246	0	m	[]	0
247	0	b	[]	0
248	0	n	[]	0
249	0	v	[]	0
250	0	b	[]	0
251	0	n	[]	0
252	0	m	[]	0
253	0	b	[]	0
254	0	n	[]	0
255	0	v	[]	0
256	0	b	[]	0
257	0	n	[]	0
258	0	v	[]	0
259	0	m	[]	0
260	0	b	[]	0
261	0	n	[]	0
262	0	v	[]	0
263	0	m	[]	0
264	0	b	[]	0
265	0	n	[]	0
266	0	m	[]	0
267	0	v	[]	0
268	0	b	[]	0
269	0	n	[]	0
270	0	v	[]	0
271	0	b	[]	0
272	0	n	[]	0
273	0	v	[]	0
274	0	m	[]	0
275	0	v	[]	0
276	0	b	[]	0
277	0	m	[]	0
278	0	n	[]	0
279	0	b	[]	0



